6222737845
5609326770
6156080762
6299510549
6149170796
5685790101
6127847109
1019948371
5961965588
6092808825
6163503492
5511275297
1873465482
5545985939
5496321210
5642127881
6118269216
6135302765
5286493710
1100261111
5928216662
6130252151
1788481062
6259505373
5861549770
5800348222
6125947159
6059272688
6202677084
6295114491
6093347822
6256358571
5825120248
5574600828
5091724184
5208994707
5325957268
5414371031
1649628271
5912391815
6284497809
6391390002
5810672662
1426094921
6200894621
5091207149
2031377306
6065427670
5664396474
1710679517
1852348542
5544674429
6282717917
6185357786
6244815646
6139396248
6034864007
6241873080
6024857564
1938129102
5987594601
5997992383
5930986891
5580716791
5555987407
5125450393
1532159145
6085167557
5848890880
5467380073
5515397864
2088590247
6009308316
1705739103
1856914631
6018429546
5370768838
834490977
6139329357
6326763533
5984886027
5898374096
5506379757
1370872325
6059344790
5910779051
5540356540
5958628034
5660426853
6122753463
6123894075
6084241981
6078793310
6136518345
5650449969
6214342388
6289132816
2040641514
1429953443
6119709869
5622624594
5920149070
6148971010
5426262466
5660643589
5994047131
1252701184
5096067606
6144076687
803509963
6040793438
6246195774
6087596873
5326867712
5905780826
5891575034
5817119112
5626759181
5979646122
6033165172
6291960502
1392408104
6137021576
6345109864
5460704715
5404483854
5998038687
6141494702
5965943656
1128201923
5122655583
6079717199
6109355292
1738662017
6126054447
6132231378
5195358322
5798804075
6051439607
5064370689
6061487763
6215354833
666444205
5795890359
5595341836
1675033334
6259776718
6040710702
2103584260
5290672869
5576363264
5622821913
6169791857
6287319629
6044828277
5489798011
5881543463
598914065
6205114889
6122714567
6019475965
2039742860
5803298261
5965728453
6314428224
2063603356
1413895054
5360441595
6192909842
5413827870
5980204722
5940302904
5504804350
5756021155
6293180048
6180852875
6015024101
5742779235
5294976866
5887335150
5278463956
5633888635
5048076242
5504374855
5655849607
5987015925
5809176587
2073779333
6165502021
6293090890
1641340205
2032175854
5839831987
5440190497
6063779191
2126916338
5418747546
1280151200
5467831569
5890208679
5871201074
6080428589
5843304431
6145334291
5917375710
6208380739
6014251964
6185014058
6073818485
6040714914
6015482731
6005162545
1416163820
5989929660
6025842243
5489467067
5860723463
1803727551
2072870984
6123253751
6266221984
2007778743
6108194746
5473085078
5739065588
5965472639
5439299494
6078331691
5700062286
6196773694
6032948480
1341236779
6037110188
6253306055
6298572366
6298652498
6089372218
5865347521
6287245500
1550363894
6272320397
5649579994
1515755824
6073763791
5788047413
6051459942
5565449282
5062142677
1966202925
5356026255
5339662726
1514026931
1862931716
5763208325
6001095326
5698176263
6048508946
6281057610
5937701054
5867980507
6209529182
6117434190
5115079313
5568084870
5153075007
6153963671
6143862101
5901863368
6074228759
6178302442
6175216895
5509399028
1003392728
6236010585
5920972747
5760661763
6189746433
5630037031
6181858311
6122397187
6130810021
6253609363
6186520247
5912308269
1769304654
5672298356
6131705052
6148970928
6001264128
1166750640
6200086722
5767238501
5542090258
5839040141
5822625257
5959312635
5836580049
5737148442
5033122973
6199837181
6262456843
6052086721
5677923655
1814544815
5884517624
6149816426
6298812591
5765252864
5993142084
2039037975
5906696769
5222617855
6224906804
6171993201
6298158055
5906827217
853532228
541346959
6218427495
6139282196
6187573500
5894346054
